5 hidden nodes, 1000 epochs, .15 lr:
114 7 199 159 0.570 0.942 0.364 0.525
0.570 0.942 0.364 0.525
0.570 0.942 0.364 0.525

10 hidden nodes, 1000 epochs, .15 lr:
148 10 165 156 0.635 0.937 0.473 0.628
0.635 0.937 0.473 0.628
0.635 0.937 0.473 0.628

10 hidden nodes, 1000 epochs, .175 lr:
164 24 149 142 0.639 0.872 0.524 0.655
0.639 0.872 0.524 0.655
0.639 0.872 0.524 0.655

20 hidden nodes, 1000 epochs, .4 lr:
144 9 169 157 0.628 0.941 0.460 0.618
0.628 0.941 0.460 0.618
0.628 0.941 0.460 0.618

20 hidden nodes, 1000 epochs, .5 lr:
200 30 113 136 0.701 0.870 0.639 0.737
0.701 0.870 0.639 0.737
0.701 0.870 0.639 0.737