6 hidden nodes, 200 epochs and .1 lr:
6176 12830 2170 12602 0.556 0.325 0.740 0.452
908 98 21336 11436 0.365 0.903 0.041 0.078
0.461 0.354 0.232 0.280
0.461 0.614 0.390 0.477

5 hidden nodes, 200 epochs and .2 lr:
5860 10410 2486 15022 0.618 0.360 0.702 0.476
973 130 21271 11404 0.366 0.882 0.044 0.083
0.492 0.393 0.223 0.285
0.492 0.621 0.373 0.466

5 hidden nodes, 300 epochs and .2 lr:
6256 11875 2090 13557 0.587 0.345 0.750 0.473
920 102 21324 11432 0.366 0.900 0.041 0.079
0.476 0.375 0.235 0.289
0.476 0.623 0.395 0.484

3 hidden nodes, 100 epochs and .1 lr:
0 0 8346 25432 0.753 nan 0.000 nan
0 0 22244 11534 0.341 nan 0.000 nan
0.547 nan 0.000 nan
0.547 nan 0.000 nan

3 hidden nodes, 200 epochs and .2 lr:
6399 12707 1947 12725 0.566 0.335 0.767 0.466
488 115 21756 11419 0.353 0.809 0.022 0.043
0.459 0.349 0.225 0.274
0.459 0.572 0.394 0.467

3 hidden nodes, 500 epochs and .2 lr:
6411 12520 1935 12912 0.572 0.339 0.768 0.470
1868 562 20376 10972 0.380 0.769 0.084 0.151
0.476 0.388 0.271 0.319
0.476 0.554 0.426 0.482

10 hidden nodes, 100 epochs and .1 lr:
7317 18318 1029 7114 0.427 0.285 0.877 0.431
0 0 22244 11534 0.341 nan 0.000 nan
0.384 0.285 0.239 0.260
0.384 nan 0.438 nan
